1.3725 -178.442 -0.011646 -30.7765 2.36083e-06 2.79958 593.947 -1 -1
-1.58154 -1626.12 -0.02256 -2490.27 3.59714e-06 1.89871 586.042 -1 -1
3.62098 337.934 0.0772488 627.723 2.8528e-06 2.90382 548.975 -1 -1
2.21728 -810.841 -0.159093 -1581.93 2.85905e-06 3.22974 -65.3223 -1 -1
-0.42399 419.894 0.0254447 -397.768 2.20073e-06 1.97991 -41.1158 -1 -1
0.0675886 -1246.73 -0.0102293 -269.071 2.74984e-06 2.17544 -13.6573 -1 -1
0.849956 -791.043 0.0299024 613.012 1.03203e-06 2.21476 -37.4505 -1 -1
-2.45107 1144.04 -0.0441221 -499.967 4.7358e-06 2.48949 -57.6351 -1 -1
2.45467 -2067.9 0.0222141 489.985 2.24214e-06 1.98682 -25.8429 -1 -1
-0.925057 140.495 -0.00844192 23.4567 1.91038e-06 2.66181 518.115 -1 -1
0.0944002 -568.914 0.00477241 -298.511 3.37709e-06 2.34314 -87.0325 -1 -1
-0.42412 381.37 -0.0342988 -60.2206 2.60869e-06 4.03521 541.091 -1 -1
3.23964 -264.973 -0.188711 -1276.63 3.76985e-06 3.21248 576.43 -1 -1
0.259751 -1240.35 0.0602785 1549.74 4.15099e-06 2.16244 557.015 -1 -1
-1.88244 -1040.96 -0.0263942 894.313 3.93063e-06 2.03871 15.9947 -1 -1
0.29375 351.141 -0.0241764 -238.53 2.59657e-06 3.72002 546.464 -1 -1
-2.45319 430.991 0.057278 371.639 1.46727e-06 4.0573 23.2599 -1 -1
1.47496 748.278 0.00483795 -19.9923 4.49548e-06 4.11028 -44.5811 -1 -1
-4.22023 -1502.52 -0.0140006 1.48886 3.33526e-06 3.04517 617.432 -1 -1
0.112376 -457.207 -0.00732706 -323.364 1.57773e-06 1.99676 -38.5523 -1 -1
-3.58205 38.1173 -0.0655116 -2274.94 1.96328e-06 2.06943 -22.0466 -1 -1
-0.823522 1047.53 -0.0548599 -464.487 1.92536e-06 2.84007 -45.3125 -1 -1
1.0888 0.65919 0.165164 1548.08 4.1631e-06 2.80106 542.392 -1 -1
0.562074 2441.3 -0.011974 111.482 3.51094e-06 2.49999 -46.7565 -1 -1
-1.58023 1362.41 0.054778 1865.29 2.08264e-06 2.07811 -19.9875 -1 -1
0.495404 566.174 -0.0175895 -565.045 1.41637e-06 1.92642 12.7049 -1 -1
2.20781 -279.214 -0.0169429 27.9621 3.05624e-06 3.84511 524.144 -1 -1
0.552765 -776.937 0.114955 747.917 3.84457e-06 3.58009 618.703 -1 -1
1.90756 -492.316 0.10522 455.589 2.80181e-06 3.93366 548.75 -1 -1
-4.08082 -543.551 -0.0206853 -10.1233 2.42362e-06 3.40447 603.199 -1 -1
1.14643 267.252 0.012155 -23.4603 2.37328e-06 3.99108 -30.9303 -1 -1
-1.8859 -32.7405 -0.00676619 1.06739 3.60373e-06 3.30377 596.708 -1 -1
1.10484 28.178 0.115947 723.158 3.52551e-06 3.10053 619.225 -1 -1
0.395179 -1129.15 0.130553 1122.29 4.9766e-06 3.4379 679.7 -1 -1
3.16212 28.0545 -0.0852223 -466.458 3.59341e-06 4.49555 630.179 -1 -1
-1.15521 -837.225 -0.038333 -550.593 2.64724e-06 2.36102 554.604 -1 -1
-2.31483 -190.041 -0.0470434 -300.857 3.07279e-06 4.28606 610.167 -1 -1
2.53459 -237.013 -0.131939 -2097.9 3.70577e-06 2.58176 620.774 -1 -1
0.755279 1364.34 0.0175612 -263.952 2.73973e-06 1.9388 576.251 -1 -1
-2.01201 12.5437 -0.00352582 180.149 1.17034e-06 3.33866 29.2799 -1 -1
-1.64422 -11.1555 0.00135033 116.259 2.35312e-06 2.07909 569.833 -1 -1
1.58021 782.803 0.0206549 -1925.47 2.81644e-06 2.21523 70.8864 -1 -1
0.475244 -513.128 -0.0103016 -246.505 2.14888e-06 3.15206 549.674 -1 -1
-0.221464 527.876 -0.0203948 -677.343 5.35744e-06 1.8926 550.254 -1 -1
-2.85803 -1193.87 0.0199156 190.833 3.94529e-06 2.39061 6.06075 -1 -1
3.16763 1216.47 0.0227897 -1304.63 3.36068e-06 1.88573 704.824 -1 -1
2.37197 -200.634 -0.0440735 -317.856 2.70036e-06 2.74815 619.213 -1 -1
2.07134 -893.769 -0.0483677 -401.008 3.10136e-06 3.3151 644.797 -1 -1
-0.670569 284.907 -0.119216 -400.269 5.26277e-06 4.60893 635.941 -1 -1
-2.80218 739.804 0.0152882 91.488 1.69738e-06 3.78757 60.0807 -1 -1
2.10422 134.827 0.0344873 856.021 4.15745e-06 2.28327 605.757 -1 -1
0.400468 405.486 0.0358385 220.059 2.70696e-06 4.07349 522.117 -1 -1
3.01489 1151.15 0.0890404 1320.8 2.01999e-06 2.50772 36.6235 -1 -1
1.70099 350.223 -0.114553 -1386.71 2.84746e-06 3.01774 16.4697 -1 -1
1.38431 1625.73 0.0213388 -714.415 4.38607e-06 2.16849 594.601 -1 -1
2.18437 -291.576 -0.0339492 -1367.63 2.60383e-06 2.0234 673.979 -1 -1
0.237497 37.0249 -0.0803068 -336.706 1.97648e-06 4.46645 -49.5206 -1 -1
0.514168 772.263 0.0671288 986.376 3.64866e-06 2.57412 639.337 -1 -1
-1.5772 29.3408 0.00608198 65.9672 2.16892e-06 3.54342 596.25 -1 -1
0.557019 204.037 0.0279219 552.581 2.93334e-06 2.27089 -20.6667 -1 -1
-0.130324 1598.61 -0.0138273 -175.355 3.18947e-06 3.49782 -43.7239 -1 -1
-1.44957 33.6067 -0.04094 -976.968 2.27049e-06 2.0131 609.623 -1 -1
-0.611051 309.811 0.0776537 627.273 1.90713e-06 3.34144 -31.5727 -1 -1
1.12252 1037.52 -0.0342599 -1852.72 2.72824e-06 1.9543 560.63 -1 -1
0.480566 -286.251 0.0349195 178.274 4.13021e-06 4.04038 8.96872 -1 -1
-0.046782 -1616.06 -0.0134516 1734.74 2.89106e-06 1.96892 527.441 -1 -1
2.8756 393.74 -0.0959819 -533.658 3.86177e-06 3.50165 553.696 -1 -1
-3.22015 -376.2 0.0212508 -19.6186 3.18389e-06 3.96269 528.158 -1 -1
-2.19682 1754.11 -0.117824 -994.784 4.6558e-06 3.55081 589.443 -1 -1
1.2586 1463.79 0.0359226 667.151 1.72893e-06 2.70673 -38.6627 -1 -1
-1.94418 229.912 0.111102 683.294 4.33248e-06 3.72211 665.405 -1 -1
-3.5588 927.199 0.00517656 84.2694 1.67608e-06 3.70144 14.1876 -1 -1
-1.06177 -1495.82 0.074317 528.753 2.10473e-06 3.19427 -27.6319 -1 -1
-3.25817 -935.384 0.0460122 266.683 3.0323e-06 4.74467 -21.7371 -1 -1
2.31204 -49.7162 -0.0157374 27.7194 2.08009e-06 3.23654 495.146 -1 -1
-2.89299 -565.192 0.0360177 176.539 3.14726e-06 3.64191 641.551 -1 -1
2.5801 -1136.84 -0.128105 -897.761 3.48562e-06 3.81077 -6.62922 -1 -1
-1.70357 67.2184 0.00288844 -1322.5 2.20094e-06 1.89842 -3.61041 -1 -1
-1.30636 37.9593 -0.143721 -634.747 3.66178e-06 3.83996 588.062 -1 -1
3.06011 -237.633 0.0734401 703.515 2.99157e-06 3.49952 554.759 -1 -1
-2.57988 -137.68 0.051217 347.826 3.42661e-06 3.40338 582.465 -1 -1
-0.593263 -328.346 -0.0469994 -311.882 2.57961e-06 4.03724 -24.3078 -1 -1
-0.583609 -1416.47 0.0464209 1120.22 2.95274e-06 2.58135 554.857 -1 -1
3.27509 457.355 0.158021 852.511 2.01046e-06 4.14498 -13.3847 -1 -1
-3.47692 -300.515 0.0326453 146.466 2.43843e-06 3.58303 566.118 -1 -1
2.47004 -2943.79 -0.0443001 -4394.24 4.06059e-06 2.38028 45.3799 -1 -1
2.64999 415.958 -0.0152028 -80.9059 2.91171e-06 2.96898 640.518 -1 -1
1.11985 1692.11 0.0396943 357.329 5.25588e-06 2.64443 609.819 -1 -1
-1.96696 -2044.13 -0.00626939 644.824 1.40885e-06 1.8362 54.5897 -1 -1
2.22997 69.0061 0.0231465 226.895 2.31082e-06 3.52445 644.482 -1 -1
-1.09587 1500.52 -0.0584764 -1335.14 3.55591e-06 2.35169 -12.2832 -1 -1
2.21953 165.377 0.167896 686.77 3.91671e-06 4.10131 586.917 -1 -1
0.616238 693.166 -0.107923 -892.326 1.93832e-06 3.54011 -17.2605 -1 -1
1.70685 -956.422 -0.0578747 -501.147 2.77586e-06 3.42746 11.4575 -1 -1
-2.09884 272.753 -0.0204514 -182.589 2.05324e-06 2.71031 523.779 -1 -1
2.56097 1262.91 -0.151101 -1533.54 3.74244e-06 2.72947 595.4 -1 -1
4.13887 1455.77 -0.00172304 -93.2448 2.13271e-06 3.66977 57.3984 -1 -1
3.09928 805.648 -0.165974 -1300.28 3.65607e-06 3.15628 641.447 -1 -1
3.30933 772.558 -0.103595 -525.457 1.58206e-06 4.04698 -41.3257 -1 -1
-3.39137 -114.862 -0.13261 -1545.51 1.70182e-06 2.95835 -29.5092 -1 -1
2.47828 486.612 0.00388734 -43.8377 1.86234e-06 2.89906 572.141 -1 -1
0.291006 1102.51 -0.0442047 -595.815 3.53989e-06 3.1995 3.00506 -1 -1
-0.467328 539.991 0.0658736 665.159 3.46374e-06 3.3555 -3.78808 -1 -1
-1.25055 892.909 0.0680122 1798.91 3.08241e-06 2.34714 -49.1229 -1 -1
-2.30071 975.656 0.0645515 321.699 3.33822e-06 3.07001 144.268 -1 -1
1.90713 2979.8 0.0203464 -913.181 2.84575e-06 2.02088 -19.1124 -1 -1
-1.38737 -1291.12 -0.0137235 -83.6923 3.39898e-06 3.14849 604.787 -1 -1
3.9793 510.265 0.0273346 100.482 1.86697e-06 2.3208 633.689 -1 -1
3.09763 -436.662 0.00995511 534.61 2.90254e-06 2.60625 574.47 -1 -1
0.160808 2026.96 -0.179034 -1066.59 3.55069e-06 3.64859 -62.0883 -1 -1
-1.46427 -1093.4 0.0265202 94.2478 3.27792e-06 2.34658 652.522 -1 -1
-3.42316 565.137 0.0676 661.589 2.35108e-06 3.04202 566.563 -1 -1
-0.392219 -3752.57 0.00588131 -1120.69 4.47517e-06 2.32559 10.569 -1 -1
2.0254 -1663.61 -0.0109044 -304.701 1.84383e-06 3.00614 -48.5699 -1 -1
-3.64557 117.054 -0.0106265 -38.4009 2.75095e-06 3.74253 607.331 -1 -1
3.25182 704.184 -0.000375506 -94.4698 3.81468e-06 2.57884 -47.6783 -1 -1
-2.84568 -488.6 -0.0178479 619.678 1.15859e-06 2.21859 -52.9888 -1 -1
1.13641 -162.782 0.147543 1249.18 3.43762e-06 3.28667 562.109 -1 -1
1.42355 -1555.67 0.0196901 -1481.79 1.62249e-06 1.84095 -42.7802 -1 -1
0.52762 -30.9033 0.0549999 1576.95 3.86277e-06 2.47344 631.116 -1 -1
0.963363 237.843 -0.00971674 -536.952 3.57346e-06 2.55803 -52.9582 -1 -1
1.94246 902.93 0.0891306 763.987 1.87818e-06 3.49243 -12.6903 -1 -1
-1.242 452.093 0.023312 588.75 2.24043e-06 2.90656 8.83674 -1 -1
-2.76247 344.981 0.0039148 335.364 2.46319e-06 2.47435 -58.932 -1 -1
-2.80575 1749.36 -0.0786662 -1965.55 3.19436e-06 2.12067 43.404 -1 -1
-1.02623 1396.99 0.0031074 1117.22 3.23921e-06 2.01616 546.357 -1 -1
-3.17168 349.046 0.0730765 935.123 4.50633e-06 2.97803 635.146 -1 -1
3.46259 637.356 -0.0615986 -1214.22 2.42728e-06 2.24513 603.607 -1 -1
-0.582601 -127.729 0.0390258 157.511 4.37143e-06 2.71498 621.269 -1 -1
2.09188 129.693 0.0338096 1084.85 1.36792e-06 2.66359 99.5558 -1 -1
-1.18405 303.819 -0.00922467 2530.18 2.64346e-06 2.26992 0.646873 -1 -1
0.210667 557.228 0.101077 2935.96 5.98424e-06 2.25258 42.958 -1 -1
0.800417 -58.4725 -0.0217016 -148.739 2.97754e-06 4.85064 26.2172 -1 -1
2.21086 -212.359 0.00018488 -45.5829 2.22917e-06 4.05868 -14.653 -1 -1
1.07412 533.016 -0.184556 -1133.38 2.91868e-06 3.55661 -17.3922 -1 -1
-1.38963 -11.0712 0.143621 756.134 3.09826e-06 3.99418 -14.1477 -1 -1
-1.13807 -3318.37 0.00327706 1440.84 2.04401e-06 1.7328 -23.9099 -1 -1
0.149806 -314.612 0.0493478 443.819 2.66027e-06 3.76182 566.659 -1 -1
0.519922 1077.19 -0.0188766 429.842 2.93083e-06 1.96334 -48.5897 -1 -1
3.69174 337.491 -0.0422991 -259.258 2.61597e-06 2.44821 579.162 -1 -1
-0.290089 -689.751 -0.0332785 -213.594 1.97416e-06 3.86831 -35.3363 -1 -1
1.80048 846.94 -0.00208127 -73.7925 3.52192e-06 1.92835 597.588 -1 -1
-2.28661 -174.339 0.00706347 -490.436 3.69852e-06 2.3961 86.6738 -1 -1
-1.57126 -303.326 -0.107964 -597.128 1.74222e-06 4.0893 36.1582 -1 -1
2.72085 1219.66 0.00711897 -72.3633 2.9696e-06 3.27045 550.252 -1 -1
-0.0164092 -58.5095 -0.108211 -571.636 4.036e-06 3.78467 514.858 -1 -1
-0.696598 -1297.87 0.0837353 1146.02 3.37775e-06 2.43852 617.961 -1 -1
-1.48153 -184.779 -0.119077 -1248.32 3.439e-06 3.28922 597.586 -1 -1
2.63571 -1266.73 -0.0241612 915.624 4.16654e-06 1.98634 589.178 -1 -1
-0.643847 -476.729 -0.0156045 201.682 2.56725e-06 2.69181 720.612 -1 -1
2.06337 236.288 -0.0346635 -44.9839 2.69293e-06 4.07538 3.76237 -1 -1
-0.598016 -903.875 0.0185913 26.999 3.82066e-06 4.70513 13.6439 -1 -1
0.522618 1310.6 0.000240096 269.97 4.3437e-06 2.45055 -81.5544 -1 -1
-1.19139 200.474 -0.00487834 -3.92731 1.69317e-06 2.37211 636.572 -1 -1
-2.13234 -1358.29 0.0234822 1324.14 2.80939e-06 2.30187 6.09116 -1 -1
-2.7878 -2975.23 -0.164705 -1722.57 3.33956e-06 2.70751 -4.19079 -1 -1
0.154484 1174.78 -0.0014905 -36.8615 1.39725e-06 2.76617 91.9503 -1 -1
0.94931 462.841 0.00111902 1758.95 4.72761e-06 2.05694 580.284 -1 -1
0.445948 -279.547 0.0472462 187.875 2.46958e-06 3.09553 529.222 -1 -1
-1.18573 191.133 -0.0898517 -503.651 2.62444e-06 3.25303 631.132 -1 -1
-0.682258 2865.69 -0.0088337 -330.137 2.92454e-06 2.21742 58.007 -1 -1
1.23323 -257.62 0.0150928 142.008 4.9351e-06 2.40751 576.91 -1 -1
-1.3212 1010.91 0.057029 791.614 3.8852e-06 2.43176 14.6584 -1 -1
-2.67116 -280.53 -0.034928 -216.361 5.0708e-06 4.31471 567.495 -1 -1
-0.339073 95.9013 0.0340476 256.191 2.9366e-06 2.45545 601.842 -1 -1
3.09045 -918.496 -0.064236 -1349.23 1.53184e-06 2.66316 -59.2182 -1 -1
-2.88353 757.679 0.00742006 370.654 2.29942e-06 2.4458 558.227 -1 -1
-1.9506 -2442.02 -0.114571 -1273.39 3.55447e-06 2.86709 -59.7829 -1 -1
-0.562515 584.796 -0.046388 -383.604 3.05101e-06 3.84027 583.958 -1 -1
-2.66394 1429.84 -0.00114332 -1417.26 2.77372e-06 2.07228 604.857 -1 -1
-2.27994 -227.579 -0.0531896 -473.929 2.57192e-06 2.75939 654.535 -1 -1
-2.8317 119.505 0.0594054 1002.84 2.45966e-06 2.97021 591.187 -1 -1
-1.79072 2405.62 0.0204485 -27.3594 2.06513e-06 1.8051 34.2618 -1 -1
3.12764 -396.767 0.0300613 6.27371 5.30123e-06 4.64561 575.431 -1 -1
0.657608 49.6674 0.0286934 295.571 1.8041e-06 2.60531 6.16837 -1 -1
-0.447295 804.779 -0.0198338 -383.754 1.32327e-06 1.98345 37.4237 -1 -1
0.278381 19.2087 -0.00969751 -1416.93 3.55269e-06 2.37984 596.212 -1 -1
1.74471 -722.518 -0.0554937 -204.327 3.88046e-06 3.27588 -63.1359 -1 -1
-2.23186 283.349 0.0291548 152.474 3.09549e-06 3.74517 26.0193 -1 -1
-0.232721 -359.067 0.0152701 -430.552 1.27701e-06 1.83882 554.89 -1 -1
-1.83129 -337.593 -0.0168021 -1103.93 2.43695e-06 1.89297 603.23 -1 -1
0.724507 305.385 0.122474 651.02 1.49898e-06 3.73424 -4.19467 -1 -1
-0.357033 -842.439 -0.122328 -1412.95 3.75119e-06 2.53032 -41.0168 -1 -1
-3.61946 -706.201 0.00828726 714.326 2.19284e-06 2.06065 -52.8045 -1 -1
1.2674 -354.787 -0.0349111 -47.1256 2.86191e-06 4.65617 -27.5098 -1 -1
0.742897 -306.807 0.00801965 302.379 2.87072e-06 3.1272 567.245 -1 -1
-0.0283671 464.231 0.0743168 386.208 2.74585e-06 4.31446 -22.8631 -1 -1
2.08795 -1626 -0.0515671 -560.34 1.70217e-06 2.99615 -50.2579 -1 -1
-3.90307 -558.961 -0.115101 -870.656 3.63664e-06 3.62889 24.9659 -1 -1
1.83417 2679.52 0.177374 4749.81 3.50768e-06 2.09696 18.5094 -1 -1
3.44655 82.1671 0.0359098 338.97 2.68846e-06 3.27363 41.1892 -1 -1
-3.85891 -188.61 0.0132556 110.185 2.76727e-06 2.29093 619.569 -1 -1
-3.97511 -426.331 0.113425 1624.16 3.28298e-06 2.69806 622.552 -1 -1
1.09281 867.978 -0.0370101 -198.1 2.90396e-06 3.52253 602.852 -1 -1
-2.01625 730.296 -0.0366081 -241.001 4.37142e-06 3.9236 -22.0338 -1 -1
2.84965 1964.27 0.0178559 -10.5596 2.20175e-06 3.29612 -11.0896 -1 -1
-0.486143 -2423.91 0.105351 1692.01 2.41422e-06 2.28361 -35.6974 -1 -1
3.1051 -1089.51 -0.160891 -1685.94 3.55716e-06 3.27646 37.7331 -1 -1
-1.64927 106.565 0.0170898 160.579 3.16515e-06 3.27757 525.522 -1 -1
2.34044 2988.41 -0.100845 -801.25 3.45422e-06 2.81548 36.0299 -1 -1
-0.841027 -1658.35 0.127567 591.912 4.50112e-06 3.60003 553.111 -1 -1
-1.58704 63.1509 0.0653954 1250.31 2.33389e-06 2.26765 641.711 -1 -1
-1.48798 -306.138 -0.00825991 -303.943 1.27066e-06 2.065 545.835 -1 -1
2.82622 -1651.24 -0.0148296 44.5772 3.67295e-06 4.22472 -18.5304 -1 -1
1.95407 625.538 -0.0196219 345.231 2.7741e-06 1.78602 649.678 -1 -1
3.40252 -859.699 -0.0600551 -1039.17 2.76334e-06 2.93449 -3.65971 -1 -1
-1.62804 295.683 -0.0378752 -679.632 2.66521e-06 2.88981 597.766 -1 -1
-2.7483 -1249.29 0.118199 977.975 2.49956e-06 3.21534 -14.951 -1 -1
-3.83399 136.815 0.0149435 679.466 1.49457e-06 2.32705 529.282 -1 -1
-1.58123 -219.433 0.0785258 363.62 3.23285e-06 3.90316 632.12 -1 -1
1.25894 -507.342 -0.0959403 -790.5 2.74429e-06 2.90259 -37.796 -1 -1
1.52531 222.146 -0.00583458 127.625 2.13525e-06 2.98404 75.4349 -1 -1
-1.55772 208.421 -0.0885926 -1037.31 2.63185e-06 2.9341 592.257 -1 -1
1.72129 -169.244 0.0138843 113.907 3.81373e-06 3.63673 35.2127 -1 -1
1.54545 563.221 0.0142209 1878.98 2.96268e-06 2.17063 18.2731 -1 -1
3.96828 1161.91 -0.00577606 -122.095 3.65909e-06 4.51114 31.9676 -1 -1
-1.46723 25.8242 -0.0134125 -163.055 7.85939e-07 2.43664 47.8105 -1 -1
2.33298 1429.11 -0.0720138 -1144.26 3.6525e-06 2.65614 -44.9357 -1 -1
1.85968 -63.0877 0.057389 613.761 3.56777e-06 2.52405 543.485 -1 -1
0.568945 -671.96 -0.072252 -460.079 1.4992e-06 3.82277 -36.4549 -1 -1
1.94157 209.128 -0.00536395 -404.338 1.82688e-06 2.92119 -18.4782 -1 -1
3.61636 172.163 0.00982817 -67.421 3.64274e-06 3.40059 1.57723 -1 -1
-1.71832 1039.03 0.167453 1115.29 5.04017e-06 3.14372 14.4926 -1 -1
-1.27543 -695.518 -0.0332204 -690.763 2.87574e-06 2.83368 7.96753 -1 -1
-1.77732 79.1081 -0.100869 -769.385 2.58052e-06 3.53656 0.305622 -1 -1
1.99147 281.248 0.0575529 2494.68 2.51436e-06 2.31847 -16.4065 -1 -1
-1.2628 -715.011 0.0116101 -880.626 3.10591e-06 2.06629 -33.4838 -1 -1
-0.358746 -614.747 0.00849652 -1982.66 2.50501e-06 2.11442 24.1947 -1 -1
2.42158 -401.243 -0.133237 -528.119 3.1854e-06 4.19828 619.255 -1 -1
-2.65196 1412.5 0.00601723 -224.092 1.47542e-06 2.25004 -22.5501 -1 -1
-0.431566 578.93 -0.0610087 -296.513 3.07251e-06 4.55098 565.101 -1 -1
0.732742 -629.586 -0.0604797 -364.151 2.26265e-06 3.99615 -9.05908 -1 -1
-1.68621 -262.736 0.0325993 278.011 1.19845e-06 3.29058 18.4968 -1 -1
-0.880579 86.6651 -0.0242248 -433.74 2.69169e-06 2.17125 590.265 -1 -1
-1.04783 1085.95 0.0552409 600.797 4.52752e-06 3.16962 106.744 -1 -1
-0.187731 -1193.72 0.0450748 551.415 1.38224e-06 2.86396 -15.2077 -1 -1
-0.21481 -809.975 -0.105934 -572.653 4.43672e-06 4.18513 582.044 -1 -1
-3.075 -782.245 0.0761964 1721.38 3.1378e-06 2.4533 564.353 -1 -1
3.32233 -1342 -0.0160876 -315.942 1.63904e-06 3.19189 -59.41 -1 -1
-0.21188 -131.485 0.0579213 374.477 4.57503e-06 3.42078 593.662 -1 -1
-1.72112 -2493.75 -0.1179 -2315.84 2.60685e-06 2.31898 -14.7005 -1 -1
-2.13784 220.076 0.112265 1101.52 2.68084e-06 3.2906 -24.0334 -1 -1
-0.214829 -352.082 -0.016785 -274.731 2.80527e-06 1.82056 643.794 -1 -1
-2.9554 -1421.39 -0.0154947 -21.9942 3.07287e-06 2.65815 589.479 -1 -1
-0.669681 189.11 -0.0431968 -460.702 2.38875e-06 2.5315 -4.14025 -1 -1
2.96972 -1571.78 -0.0742838 -593.511 4.47082e-06 3.53324 542.189 -1 -1
-2.63025 -669.511 -0.0517518 -1974.5 3.01322e-06 2.30034 552.243 -1 -1
2.0025 227.217 0.137027 3394.66 2.16432e-06 2.15249 -50.5077 -1 -1
-2.0274 336.715 0.0145081 -319.498 2.54458e-06 2.05096 620.953 -1 -1
-0.544302 -187.909 -0.0245479 74.4412 2.85962e-06 2.09466 616.185 -1 -1
0.196923 -651.79 -0.0314246 -253.888 2.70957e-06 2.04197 579.147 -1 -1
-3.74917 -821.303 -0.171254 -1221.09 3.84069e-06 3.66674 590.226 -1 -1
-0.506374 648.411 0.0724457 483.597 2.19773e-06 3.58537 -57.027 -1 -1
2.33779 1487.11 0.102844 631.71 2.21313e-06 3.8917 -19.0041 -1 -1
-1.22116 -679.284 0.0128178 -1192.33 3.25626e-06 1.78544 685.165 -1 -1
3.96038 336.71 0.0415233 221.958 2.24497e-06 3.26566 634.09 -1 -1
2.0244 236.472 0.00920088 -343.826 2.64968e-06 2.54978 578.221 -1 -1
-2.69864 -1110.79 0.0716504 787.792 4.76007e-06 2.87422 572.278 -1 -1
1.12879 305.956 -0.100163 -642.323 2.21885e-06 3.6929 -62.634 -1 -1
-0.624822 -216.752 0.0189804 -47.2883 1.82237e-06 2.42152 601.547 -1 -1
-0.377477 -159.177 -0.126613 -715.345 5.45773e-06 3.80307 505.115 -1 -1
2.28989 -305.154 -0.0104756 266.319 6.51103e-07 1.94642 -3.40509 -1 -1
0.657699 785.953 0.0155368 337.092 3.13245e-06 3.3033 548.77 -1 -1
1.03089 190.425 0.0593751 396.335 2.77644e-06 3.6512 675.339 -1 -1
2.56606 1238.56 0.0355993 4381.38 4.00574e-06 1.92887 -40.1294 -1 -1
1.65672 -410.361 -0.0320064 -534.41 2.79569e-06 2.33122 596.056 -1 -1
-3.34163 -829.711 -0.028625 -367.566 2.73563e-06 2.17732 550.368 -1 -1
-2.9873 1513.22 0.0169965 745.134 3.04869e-06 2.38618 569.988 -1 -1
0.500973 191.106 -0.142047 -882.109 3.10526e-06 3.19018 585.947 -1 -1
2.76367 804.698 -0.00690891 326.827 1.27016e-06 2.59683 -10.0299 -1 -1
1.13242 -562.162 -0.0157476 387.611 1.64793e-06 2.15153 592.003 -1 -1
3.76646 405.521 -0.0173619 -17.697 2.9868e-06 3.99536 658.691 -1 -1
-0.808702 804.661 -0.053802 -358.769 3.83154e-06 2.94217 609.141 -1 -1
-2.26396 117.568 0.0890506 1377.65 4.25862e-06 2.48115 507.12 -1 -1
-0.527627 41.5061 -0.0786708 -2425.89 3.89023e-06 2.6055 552.724 -1 -1
-0.029295 -2687 0.175926 1178.6 3.39071e-06 3.41036 76.0093 -1 -1
-0.514501 -55.4348 -0.110539 -584.992 2.10261e-06 4.35192 -44.4744 -1 -1
-0.0821835 -750.937 0.172391 888.059 5.43523e-06 3.75398 460.673 -1 -1
0.180774 68.0563 0.0150924 29.1437 2.18785e-06 2.48692 -76.5377 -1 -1
1.79331 5.43148 0.0197217 113.527 1.5887e-06 2.26014 585.382 -1 -1
2.0473 1890.34 0.044765 933.193 3.81209e-06 2.86017 545.279 -1 -1
3.10336 -751.091 -0.048577 -266.204 1.98929e-06 4.63369 -62.9275 -1 -1
1.28199 6603.14 0.0265597 2988.28 4.98176e-06 2.01106 -15.2826 -1 -1
-0.942877 980.96 -0.101181 -1248.54 2.88723e-06 2.6739 -19.3463 -1 -1
3.46714 118.225 0.0633531 631.931 2.24394e-06 2.5632 621.078 -1 -1
0.64962 982.933 0.080881 371.168 2.00694e-06 3.93166 15.2697 -1 -1
-2.19884 -2609.55 0.166533 6460.72 4.73671e-06 2.1273 22.0599 -1 -1
0.161411 -2.97324 -0.0244775 -1539.2 1.09987e-06 1.9062 -36.3332 -1 -1
0.276551 2460.15 0.168393 1782.11 5.14863e-06 2.62609 600.452 -1 -1
1.5724 -325.918 -0.0889042 -1011.37 4.0594e-06 2.5018 43.9787 -1 -1
0.248624 281.99 -0.0127164 -258.172 1.7186e-06 2.12648 588.239 -1 -1
-1.52688 278.975 0.0517162 600.864 2.46336e-06 3.2713 525.52 -1 -1
2.09916 -2420.2 -0.0293574 -94.4663 2.93372e-06 2.84011 6.81632 -1 -1
-2.82364 -1693.64 -0.046708 -1246.25 2.80438e-06 2.41914 18.6026 -1 -1
-0.770943 -544.736 0.0256326 1904.03 2.80737e-06 2.14152 -3.7313 -1 -1
3.06637 614.546 -0.0790698 -721.509 2.4878e-06 2.80305 529.86 -1 -1
0.5305 157.215 0.0668975 953.56 1.7929e-06 2.75379 -45.5542 -1 -1
2.71576 -562.032 0.0852589 364.985 3.44284e-06 4.45192 540.531 -1 -1
-3.09622 -92.7906 -0.0908848 -264.718 3.86168e-06 4.32028 49.9898 -1 -1
-1.53949 -808.617 0.0438534 485.135 1.35186e-06 2.5024 48.4114 -1 -1
1.70237 -989.927 -0.0372132 -560.59 5.09591e-06 2.12936 13.8212 -1 -1
1.46895 315.996 0.00371237 -97.6396 1.89648e-06 3.81166 -40.8481 -1 -1
-1.76521 1206.98 -0.0407013 -1154.8 2.77329e-06 2.20125 651.512 -1 -1
1.21318 58.6597 0.0112413 -1360.8 3.6599e-06 1.85043 621.356 -1 -1
-0.337313 476.72 -0.0343036 -485.649 5.124e-06 2.99487 598.518 -1 -1
-2.67985 627.18 0.0429414 210.547 2.23846e-06 3.1204 598.799 -1 -1
2.32156 189.084 -0.00166442 -1402.62 2.08129e-06 1.78378 590.504 -1 -1
1.79682 262.283 -0.0442444 -392.484 4.67484e-06 2.38164 605.337 -1 -1
-2.30167 -1696.64 -0.052734 -1803.17 4.81965e-06 2.11056 620.897 -1 -1
-1.43401 -1560.07 -0.120736 -843.945 2.76406e-06 3.04506 41.6263 -1 -1
-3.12466 753.998 0.0931756 394.041 2.17381e-06 4.09761 10.2604 -1 -1
-0.392747 -1022.04 -0.0987738 -1122.27 1.59005e-06 2.7672 36.6744 -1 -1
1.30867 322.585 -0.0294575 -304.111 3.16278e-06 3.84318 730.434 -1 -1
-0.718235 325.438 -0.0321985 -250.557 4.08046e-06 4.14866 594.142 -1 -1
-0.436332 -1197.52 0.0299532 223.38 3.55671e-06 2.74817 581.144 -1 -1
-0.262249 669.496 -0.0271168 -800.418 2.16467e-06 2.11844 635.039 -1 -1
-1.20247 -884.066 0.005093 -22.6236 2.74439e-06 3.67853 561.61 -1 -1
0.664496 -772.83 0.0483856 734.496 2.95006e-06 2.56435 598.665 -1 -1
1.52813 -539.171 0.0774592 1228.19 3.63365e-06 2.6639 747.392 -1 -1
2.01209 -968.588 0.0472126 1524.22 4.18693e-06 2.17268 -38.5391 -1 -1
1.41826 191.669 -0.0250992 582.537 2.15333e-06 1.9986 662.747 -1 -1
-0.827815 -1691.15 0.00782483 -87.8538 3.25562e-06 2.67038 20.6579 -1 -1
-3.60475 -201.587 -0.0191719 -21.1496 1.97032e-06 1.80874 -6.18086 -1 -1
0.916642 -817.3 0.0197668 84.178 3.23865e-06 2.87536 612.008 -1 -1
-0.595427 -2535.92 0.0564571 796.777 3.97804e-06 2.53805 556.314 -1 -1
2.84138 -111.571 -0.0129761 -869.16 2.85687e-06 1.77153 619.728 -1 -1
1.50025 1950.42 -0.0168992 -720.136 3.42075e-06 2.4857 605.934 -1 -1
-3.99239 -2109.99 -0.00456658 665.998 2.19494e-06 1.73194 111.918 -1 -1
0.747158 37.2325 -0.139292 -662.483 3.33066e-06 3.93191 557.235 -1 -1
1.34884 1457 -0.0626648 -2445.35 2.47169e-06 2.47549 107.744 -1 -1
-3.1144 21.3337 0.0135277 -300.069 6.63614e-06 2.14912 661.365 -1 -1
-0.925334 871.571 -0.00442722 -989.247 4.51142e-06 1.94649 563.293 -1 -1
1.71131 -1270.25 0.0620991 276.014 5.1041e-06 4.36589 575.69 -1 -1
-1.25091 -238.813 -0.183358 -1510.45 2.05376e-06 3.08101 -30.4391 -1 -1
2.26055 1088.1 0.0230644 559.044 1.7887e-06 2.77473 -26.6865 -1 -1
-0.404144 -720.974 0.000560606 117.218 1.85117e-06 2.57073 574.43 -1 -1
-1.02087 -76.7518 0.151143 1107.7 2.84952e-06 3.40426 545.644 -1 -1
-0.750053 -214.723 -0.00575451 -1771.46 2.78301e-06 1.75824 577.012 -1 -1
2.15548 -210.114 -0.0230756 -109.54 3.66466e-06 4.93483 617.296 -1 -1
1.15805 958.019 0.000483885 1218.56 2.76468e-06 2.32071 590.119 -1 -1
-2.9781 -292.612 -0.0221345 -1243.8 1.56124e-06 1.92818 -25.7259 -1 -1
3.41405 -343.902 0.0852603 378.064 2.28651e-06 4.37106 -4.93848 -1 -1
-1.69275 231.498 0.0357464 174.946 2.61241e-06 3.86527 595.926 -1 -1
2.29452 -309.138 0.0156166 -190.329 1.69082e-06 2.28827 -45.1286 -1 -1
0.750367 -1237.5 0.162171 2314.75 2.19093e-06 2.54204 39.5276 -1 -1
0.0158485 -355.593 -0.0736316 -306.943 2.15595e-06 3.56018 542.312 -1 -1
0.309191 -605.841 0.127572 706.784 3.78187e-06 4.08286 561.605 -1 -1
-2.48526 -296.361 -0.0770091 -1807.91 4.30661e-06 2.3665 573.663 -1 -1
-0.730812 1284.69 -0.0693613 -1584.23 3.33777e-06 2.09792 -6.18926 -1 -1
0.318547 202.676 0.152664 1035.47 1.31603e-06 3.16026 -86.7626 -1 -1
-0.916656 -742.94 0.171696 733.976 2.3298e-06 3.88592 -28.3657 -1 -1
1.28523 63.5376 -0.0163402 324.891 1.86221e-06 2.05231 -17.6769 -1 -1
-0.754124 951.691 -0.000329878 -3585.39 2.51447e-06 2.23341 -18.95 -1 -1
1.50187 -748.748 -0.0907511 -254.884 3.4353e-06 4.42551 516.945 -1 -1
3.15107 -382.997 0.0010166 47.2735 3.59989e-06 1.72798 606.251 -1 -1
-2.07554 302.323 -0.123008 -780.089 2.83085e-06 3.9118 -34.2839 -1 -1
0.235518 448.733 0.00118556 -60.0613 5.39073e-06 1.85155 -43.1576 -1 -1
-1.47638 164.355 0.139782 1720.93 3.88557e-06 3.06392 633.702 -1 -1
1.22795 -533.031 -0.00260064 -16.4214 3.67669e-06 4.62962 613.775 -1 -1
0.129961 62.7522 -0.0265323 18.6779 3.06214e-06 2.34158 3.34003 -1 -1
0.604733 158.251 -0.0555956 -400.867 3.59762e-06 3.05312 -19.4744 -1 -1
0.464342 3135.33 0.0163906 13.2786 2.62708e-06 1.99825 -48.7686 -1 -1
-3.32476 1133.33 -0.034762 -88.2656 4.44755e-06 3.4463 -20.0543 -1 -1
1.90701 -1829.65 -0.118816 -856.393 2.55928e-06 3.60991 -29.8848 -1 -1
-1.24107 -1248.46 -0.00497656 498.175 1.59537e-06 1.83521 -19.7261 -1 -1
-1.69138 238.465 0.158072 752.291 3.65694e-06 3.63367 611.269 -1 -1
2.12986 -2008.52 0.0452596 375.641 3.4024e-06 3.84563 -43.6256 -1 -1
-2.28636 -1130.45 -0.00408759 228.879 1.32305e-06 2.97736 -36.2238 -1 -1
2.52438 270.735 0.0800458 1738.3 3.50663e-06 2.6975 568.48 -1 -1
-0.938113 -26.4856 0.0285142 380.11 4.45835e-06 3.33753 741.831 -1 -1
-3.12033 33.397 0.0130624 123.354 3.47841e-06 3.17873 -18.1925 -1 -1
0.670485 398.635 0.105338 849.966 3.97297e-06 3.12869 602.374 -1 -1
-1.56469 -750.799 -0.0624663 -1021.66 4.45404e-06 2.66623 580.196 -1 -1
0.935414 -33.7138 0.0199548 109.593 3.91755e-06 3.69382 590.195 -1 -1
1.74658 -429.603 0.0359239 276.819 1.69776e-06 4.08853 -26.7008 -1 -1
-2.34571 1075.38 -0.0161614 -558.803 2.73945e-06 2.65456 14.1098 -1 -1
-1.31851 -350.952 -0.0471527 -436.37 2.64709e-06 3.50083 592.135 -1 -1
1.87262 -268.642 -0.00473559 58.189 2.9117e-06 3.6836 588.179 -1 -1
0.501443 -315.279 0.177335 959.792 2.97682e-06 3.81099 -20.2797 -1 -1
0.27055 3093.03 -0.0471021 -545.846 2.90654e-06 2.82052 38.4709 -1 -1
-1.51227 199.488 0.0148985 1464.66 2.53555e-06 2.37773 579.905 -1 -1
1.35326 403.494 0.0531842 403.123 6.04692e-06 3.8463 -66.6384 -1 -1
-3.28877 -20.7886 -0.00618429 200.525 3.37284e-06 2.08843 -30.2138 -1 -1
-3.21163 -382.071 -0.0293741 -528.427 2.27149e-06 2.47306 -74.3654 -1 -1
-0.471731 1257.87 0.00929231 565.939 2.38764e-06 2.30594 613.938 -1 -1
0.52894 -5.56268 -0.0352977 -727.241 3.76055e-06 2.24103 561.707 -1 -1
0.53925 -432.564 -0.138657 -510.531 3.16711e-06 4.06746 573.825 -1 -1
-2.46039 -298.526 -0.0219982 30.1914 2.01549e-06 4.13121 0.574976 -1 -1
-1.16139 52.1502 0.0526633 427.295 3.68033e-06 3.04659 25.1934 -1 -1
3.56809 113.147 -0.0204857 -620.026 3.39926e-06 1.87844 585.522 -1 -1
-1.85291 1424.47 0.111433 1855.08 2.14146e-06 2.54162 11.3039 -1 -1
-2.6381 -732.474 -0.0147335 2030.99 1.21447e-06 1.75762 -44.9048 -1 -1
0.693913 926.975 -0.0140663 -749.758 2.32438e-06 2.49635 573.78 -1 -1
-0.663843 658.207 0.153573 1079.23 3.06511e-06 3.35719 39.5081 -1 -1
-1.72957 439.327 -0.075247 -1218.55 3.24287e-06 2.71107 568.711 -1 -1
-1.30458 -2086.07 -0.0184929 -330.652 2.22497e-06 2.41454 -48.2637 -1 -1
-0.390992 -1474.08 -0.0192638 3615.88 4.66447e-06 1.88002 -40.0784 -1 -1
-0.88044 1180.91 0.0887898 965.301 1.7805e-06 2.91839 -56.3713 -1 -1
2.34573 -2087.96 -0.16868 -1468.74 2.76874e-06 2.91672 -58.372 -1 -1
0.202439 646.788 0.0317353 68.6158 2.21848e-06 2.93596 612.619 -1 -1
-2.58852 997.766 -0.0234232 542.348 2.37693e-06 2.10896 539.873 -1 -1
-1.10421 92.5031 -0.128473 -1214.17 5.68987e-06 3.27407 20.3204 -1 -1
0.342179 94.3848 0.0452127 698.814 1.69926e-06 2.53515 553.106 -1 -1
-0.973017 -1337.21 -0.00691807 -444.925 2.53976e-06 2.0624 29.4329 -1 -1
0.698181 1335.61 0.00726031 82.0796 3.85318e-06 3.50569 594.939 -1 -1
1.48443 1285.88 -0.0121552 58.4714 4.52309e-06 4.64567 562.659 -1 -1
-1.27451 -861.361 -0.0309879 -1063.89 2.79809e-06 2.42095 630.326 -1 -1
0.59753 -1428.01 0.0274836 41.4885 2.78886e-06 2.81058 575.809 -1 -1
2.27205 905.389 -0.0173823 5.51364 2.85119e-06 3.46944 599.359 -1 -1
1.88311 515.853 0.00460905 353.183 2.96878e-06 2.40954 -27.4776 -1 -1
0.734914 88.5934 0.00184277 -573.84 2.39939e-06 2.13495 560.403 -1 -1
-1.79114 88.9025 -0.0290981 -361.978 2.53216e-06 2.53387 -17.5224 -1 -1
-1.23042 -45.4206 0.0241209 892.257 1.1603e-06 1.96126 43.795 -1 -1
-0.786901 -499.811 0.0323822 951.28 1.99291e-06 2.16173 617.868 -1 -1
-2.69593 1020.9 -0.0131938 -167.421 2.18357e-06 2.21541 566.388 -1 -1
1.83291 155.108 0.0326212 81.2278 1.96016e-06 2.88309 660.215 -1 -1
-0.746579 464.929 -0.0347728 -848.533 2.37957e-06 2.62826 553.473 -1 -1
0.255812 90.8646 0.0418514 267.637 2.886e-06 3.70988 694.809 -1 -1
-2.63845 -1258.79 -0.0480615 -371.38 3.40239e-06 2.77622 594.016 -1 -1
-2.25554 88.7066 -0.00668081 -479.166 4.27457e-06 2.47295 585.001 -1 -1
0.0307389 -721.133 0.0413765 735.362 2.90356e-06 2.92613 580.615 -1 -1
1.86106 1336.99 0.00364424 -1807.36 4.42205e-06 2.05123 638.214 -1 -1
1.28849 490.599 -0.111313 -955.08 1.85692e-06 3.4255 -10.8881 -1 -1
-2.70624 493.56 -0.129335 -1122.79 1.81373e-06 2.88442 -74.6516 -1 -1
4.05562 691.956 0.0291995 149.877 1.71374e-06 4.24662 -34.3509 -1 -1
1.2399 -512.312 -0.0768941 -528.373 2.57913e-06 3.45747 541.74 -1 -1
-2.52908 155.41 0.0423608 369.288 4.81792e-06 2.31213 535.175 -1 -1
-0.224608 -2467.47 -0.0145317 -39.6754 2.76432e-06 3.19769 -17.7733 -1 -1
-3.10882 -227.037 -0.0285014 -123.578 2.63732e-06 4.81295 -31.3564 -1 -1
-1.36073 646.788 0.0198773 68.6158 2.17036e-06 2.7584 591.406 -1 -1
-1.21162 149.726 0.0397133 190.863 2.09102e-06 2.91394 534.072 -1 -1
2.45243 1209.72 -0.0275535 -1122.98 2.57006e-06 2.10254 634.243 -1 -1
1.54457 358.978 0.070926 1196.5 2.21599e-06 2.32099 -23.7523 -1 -1
2.05236 452.082 -0.0110868 281.281 1.1055e-06 2.33571 -24.0381 -1 -1
-0.39883 -428.622 0.00495059 221.288 3.50303e-06 2.03776 580.073 -1 -1
-3.07474 -216.61 0.00413096 -504.182 5.02157e-06 2.29711 693.887 -1 -1
1.84662 -357.444 0.0248295 174.101 1.80159e-06 2.33434 568.537 -1 -1
-0.16736 -220.237 0.0850054 487.531 4.48856e-06 3.10375 -39.1717 -1 -1
2.71463 506.154 -0.088542 -512.217 1.83182e-06 3.62955 -69.2739 -1 -1
-0.592826 812.858 0.018032 349.517 4.13066e-06 1.7791 583.575 -1 -1
1.34265 460.71 0.0196519 825.499 1.60179e-06 1.83482 620.247 -1 -1
-1.887 616.59 -0.0954921 -500.182 2.54851e-06 4.00863 112.176 -1 -1
0.451342 252.559 0.0266732 103.992 1.80952e-06 3.23891 -59.0322 -1 -1
1.41589 1348.99 -0.0581336 -1263.91 2.94863e-06 2.64775 5.65112 -1 -1
1.5166 -736.891 -0.019007 -4459.69 3.38883e-06 1.74091 -21.2821 -1 -1
0.589677 -327.681 -0.0126314 13.9771 4.7043e-06 3.31584 660.761 -1 -1
0.942811 21.2821 0.0358067 332.871 2.36947e-06 3.91744 530.392 -1 -1
-3.19502 -46.3033 0.00782714 -456.021 2.45026e-06 1.80239 601.605 -1 -1
0.874132 572.55 0.0039077 9.58677 1.79381e-06 2.37562 577.568 -1 -1
0.506 -2.06593 -0.0161629 -475.486 1.66145e-06 2.16221 553.634 -1 -1
-0.195646 1135.56 -0.0357719 -516.11 2.7795e-06 2.18554 635.35 -1 -1
2.04915 -68.9453 -0.0375273 -516.565 5.18278e-06 2.78251 622.022 -1 -1
3.54364 -877.157 -0.00274322 586.914 4.04947e-06 2.53469 624.836 -1 -1
0.224723 -1459.75 -0.0459304 -269.773 3.33432e-06 3.22816 556.736 -1 -1
-0.98877 686.864 -0.0202436 -2547.46 3.37883e-06 2.38336 18.1456 -1 -1
-0.405104 730.846 0.0140917 -744.815 2.82765e-06 2.16021 -17.6588 -1 -1
-2.54221 194.1 -0.0136384 -22.7404 1.73815e-06 3.65949 34.8762 -1 -1
1.56271 112.103 0.123437 749.749 4.75224e-06 3.42712 640.027 -1 -1
-0.912311 1322.51 -0.0902979 -1578.03 1.97827e-06 2.88893 -43.9519 -1 -1
-2.49152 438.814 0.0220203 -33.986 5.50918e-06 1.95203 572.483 -1 -1
2.45828 -285.677 0.0112989 47.0953 3.23691e-06 1.82761 599.02 -1 -1
0.307528 808.143 0.0942842 253.486 2.77311e-06 4.50259 -7.5265 -1 -1
-2.2602 -923.417 0.0315914 361.567 3.05792e-06 3.00801 9.70397 -1 -1
1.70318 690.695 0.0893112 1568.15 3.64856e-06 2.59341 570.54 -1 -1
3.36047 -319.161 -0.00420874 -54.1136 3.73376e-06 2.78015 -48.8614 -1 -1
-0.333269 171.964 -0.0109713 -383.404 2.2156e-06 3.02771 614.929 -1 -1
-0.943652 -734.093 -0.0423693 -1627.09 2.5586e-06 2.23689 -3.40125 -1 -1
1.69254 423.196 -0.0654591 -182.972 1.99383e-06 3.99263 -56.0298 -1 -1
1.55993 330.355 -0.00862862 -442.916 4.20147e-06 2.7182 -54.7284 -1 -1
-1.55008 118.633 -0.102716 -393.631 1.55998e-06 4.33666 58.8514 -1 -1
1.4915 720.695 0.00990682 170.025 2.59646e-06 2.73859 620.635 -1 -1
0.317841 808.077 0.0378755 628.788 2.60156e-06 2.99563 617.804 -1 -1
0.0173208 535.213 0.0653164 562.497 2.44116e-06 3.40126 563.109 -1 -1
1.83608 -1130.22 0.0506607 1372.3 3.96169e-06 2.19364 668.449 -1 -1
2.71068 199.05 0.0258436 -540.037 3.38339e-06 2.02938 526.155 -1 -1
0.206565 -676.132 -0.0253806 -83.3941 3.86744e-06 4.19751 7.17605 -1 -1
2.54704 -749.314 0.0908838 830.486 3.71062e-06 3.5123 612.411 -1 -1
-0.340949 413.788 0.0610362 295.03 1.70065e-06 4.55985 14.4289 -1 -1
-0.802777 -308.837 -0.0162087 9.11949 1.23527e-06 1.79216 609.652 -1 -1
0.265429 747.656 -0.0956828 -679.128 3.10583e-06 3.50048 584.89 -1 -1
3.4073 -402.713 0.0854706 612.411 1.61957e-06 3.4603 -36.0874 -1 -1
-0.356544 -1273.01 0.194939 2149.62 4.68314e-06 3.19284 550.312 -1 -1
-1.83466 2182.45 -0.0181965 -1113.75 1.59803e-06 1.93775 15.3088 -1 -1
-2.04826 360.874 -0.117204 -385.372 1.73083e-06 4.54641 13.0432 -1 -1
0.63865 3699.15 -0.0818949 -887.514 3.2195e-06 2.81512 -26.5544 -1 -1
0.300806 -545.753 0.0325706 957.923 3.41881e-06 1.92114 593.097 -1 -1
0.989046 -2046.75 -0.0367084 -4419.4 4.60525e-06 2.243 -1.52889 -1 -1
-3.36831 -907.51 0.00832077 -677.563 1.33457e-06 2.12413 17.8277 -1 -1
0.942537 1578.73 -0.0473765 -443.089 3.22521e-06 3.03968 -12.292 -1 -1
-3.31432 2558.25 0.0155 -2300.7 4.34328e-06 1.93159 586.911 -1 -1
-2.87814 398.345 -0.0625325 -367.881 4.19384e-06 3.8784 583.128 -1 -1
-0.218181 264.232 0.157803 1064.53 3.50213e-06 3.62278 582.422 -1 -1
1.05235 -1200.66 0.00646337 384.902 2.87786e-06 2.42725 557.794 -1 -1
-2.77349 -211.361 -0.0294785 -302.818 2.50732e-06 2.24574 534.641 -1 -1
0.170366 -287.749 -0.0571226 -119.519 1.4839e-06 4.68543 -77.8716 -1 -1
2.10329 -23.7309 0.0406406 157.591 3.62326e-06 3.06164 620.276 -1 -1
-1.98999 1161.91 0.000447781 -122.095 3.94746e-06 2.11463 553.906 -1 -1
1.96216 2.53849 0.0543574 198.44 4.08086e-06 4.57626 611.933 -1 -1
-0.278625 22.1501 -0.155273 -653.228 1.76854e-06 3.83215 17.329 -1 -1
1.72435 2122.21 0.00755728 -1866.01 4.97055e-06 1.90012 530.981 -1 -1
1.53637 -15.2532 0.0379614 263.741 2.95184e-06 3.80663 636.045 -1 -1
-0.79556 50.3872 0.00196966 74.5984 3.00191e-06 3.64903 609.799 -1 -1
1.18996 -2276.44 0.0404478 263.407 3.36702e-06 4.2489 63.1187 -1 -1
-2.78793 189.736 -0.024456 -66.8648 3.88814e-06 3.96609 653.588 -1 -1
-0.501729 1032.47 0.0703414 330.813 5.19532e-06 3.32851 609.508 -1 -1
-2.38377 -571.271 0.00247114 -291.248 3.15286e-06 2.87083 590.576 -1 -1
1.4725 1112.93 0.0482911 372.086 3.44242e-06 3.47544 5.64675 -1 -1
-1.16033 73.5179 0.0126125 -113.886 2.09202e-06 1.99006 586.233 -1 -1
0.278713 359.458 0.063075 263.532 2.63037e-06 3.71952 604.48 -1 -1
-1.41481 147.736 0.0169004 247.551 1.29787e-06 1.9762 617.528 -1 -1
-3.20795 -330.926 0.0157386 0.922731 1.38597e-06 3.11262 60.2584 -1 -1
2.32122 -491.752 -0.0128196 48.2215 1.83954e-06 2.65595 -43.1734 -1 -1
2.27718 248.576 -0.0594823 -788.618 1.40901e-06 2.9522 -33.4639 -1 -1
0.0576366 969.533 0.0234004 -1105.73 1.95361e-06 1.87248 562.197 -1 -1
2.08031 -222.614 -0.0906889 -444.412 2.59064e-06 3.40178 578.137 -1 -1
2.28136 244.901 0.0103757 -407.14 3.62094e-06 1.85086 -4.51028 -1 -1
-1.11586 -263.298 -0.0221919 165.086 1.63208e-06 2.30688 562.922 -1 -1
-0.709053 203.723 -0.121682 -704.574 1.444e-06 3.45726 -87.995 -1 -1
4.04878 1404.68 -0.130532 -841.976 2.41706e-06 3.78965 -12.4544 -1 -1
1.80159 -505.864 0.128407 712.946 2.23344e-06 4.19206 -31.6622 -1 -1
0.308285 -360.003 -0.0555278 -759.093 3.35338e-06 2.8341 605.671 -1 -1
1.59112 -2030.58 -0.127072 -2459.48 4.76913e-06 2.24347 -29.0652 -1 -1
0.403054 -1113.56 0.00865262 863.157 2.33264e-06 2.04692 662.951 -1 -1
0.714413 417.046 0.0107395 74.9778 3.24269e-06 4.19335 570.076 -1 -1
-1.43413 -541.869 -0.00186611 54.6703 5.06865e-06 4.2929 627.001 -1 -1
1.09842 -140.228 0.00462554 -786.602 3.10285e-06 2.41603 636.68 -1 -1
-3.38588 533.066 -0.0498655 -270.919 3.04825e-06 3.10993 543.129 -1 -1
-2.78119 196.94 -0.0233953 540.003 2.71628e-06 2.0281 543.514 -1 -1
-2.4802 -1282.67 0.0147958 2108.43 3.54399e-06 2.16652 592.065 -1 -1
2.36034 -202.686 0.157513 4583.13 3.9051e-06 2.63455 -28.4797 -1 -1
3.0086 387.612 0.140073 2761.44 2.88455e-06 2.81923 47.2027 -1 -1
-0.797871 -2.53767 -0.0473503 -588.866 3.57613e-06 2.70666 574.502 -1 -1
-0.578861 -1585.27 0.0401056 660.046 3.52799e-06 2.96078 581.399 -1 -1
0.867267 -393.8 -0.0528823 -311.433 3.64816e-06 3.93572 642.832 -1 -1
-1.47608 -1070.81 0.0244379 724.842 1.24465e-06 2.17854 59.5049 -1 -1
0.773326 -254.844 0.00109533 71.12 2.2248e-06 4.18217 -51.1571 -1 -1
3.39038 1291 -0.0151089 -139.135 2.34574e-06 4.62212 17.4737 -1 -1
-2.91851 650.645 -0.0319655 -1495.14 2.9116e-06 2.34564 574.022 -1 -1
2.71282 260.905 -0.0144186 -39.1398 2.30463e-06 3.55424 -42.0018 -1 -1
-1.83739 93.1162 -0.0687931 -197.334 3.28485e-06 4.64052 685.37 -1 -1
2.24041 -674.313 0.0824044 921.775 2.93581e-06 3.29792 572.743 -1 -1
0.429933 201.912 -0.0243662 -225.354 3.53599e-06 2.3607 578.392 -1 -1
-1.59852 481.476 0.0732203 583.578 3.0131e-06 3.27857 535.202 -1 -1
-3.1103 1518.32 0.181393 2376.29 5.37214e-06 3.04773 555.286 -1 -1
-1.83728 817.411 -0.0466146 -316.495 2.89226e-06 3.67616 -88.1446 -1 -1
3.64449 525.312 0.0306116 336.069 4.27592e-06 3.7609 -57.9239 -1 -1
2.12399 1168.61 -0.0347457 -528.22 2.45371e-06 2.53202 591.909 -1 -1
-0.740351 -80.1758 -0.0199695 -211.049 1.62511e-06 3.11168 0.657507 -1 -1
3.5115 260.351 -0.00420644 -118.52 2.37965e-06 3.17289 664.785 -1 -1
-1.00972 -624.342 0.00548964 418.299 2.29706e-06 2.00373 715.665 -1 -1
-1.36015 396.216 -0.0774672 -671.816 2.35515e-06 2.72561 547.434 -1 -1
2.83672 -402.158 0.0979676 296.216 2.02066e-06 4.51716 -19.9473 -1 -1
-1.00873 -658.143 -0.0995412 -1287.39 2.26365e-06 2.87847 146.684 -1 -1
-2.8438 589.588 0.145659 1222.98 2.92479e-06 3.10532 -14.7955 -1 -1
0.30826 -948.871 0.109054 3464.41 2.9899e-06 2.50991 13.5437 -1 -1
-1.82922 -792.052 -0.00396711 41.6153 1.51007e-06 1.76008 565.916 -1 -1
-1.6134 410.327 -0.0310829 -363.283 2.22658e-06 2.41698 637.159 -1 -1
-1.26405 -930.641 0.129092 596.984 3.74413e-06 3.63229 498.163 -1 -1
0.400308 204.662 0.0701958 872.97 2.9915e-06 2.76979 -48.1593 -1 -1
-0.123876 -702.311 0.170964 898.312 3.37127e-06 3.87815 519.948 -1 -1
1.64401 -664.391 -0.0344638 -881.444 2.82099e-06 2.36551 547.413 -1 -1
0.696331 -747.428 0.0166316 -5260.76 3.79776e-06 2.21025 34.9321 -1 -1
1.82449 -656.503 -0.0300633 -69.7056 2.50282e-06 2.887 561.534 -1 -1
-1.35897 -426.746 -0.0189343 -97.8264 2.40463e-06 3.85263 -43.5433 -1 -1
-1.38698 324.473 -0.0511287 -427.152 2.78847e-06 2.56323 585.87 -1 -1
1.14627 -217.717 0.00483148 -136.484 2.12722e-06 2.21483 550.351 -1 -1
3.03998 334.37 -0.0746446 -748.675 2.4959e-06 2.87166 565.34 -1 -1
-3.34157 -286.229 -0.0339038 -214.812 2.03224e-06 2.77875 599.041 -1 -1
-0.623484 -96.4014 -0.0161921 -223.455 1.76618e-06 2.31778 672.001 -1 -1
-2.21385 -441.432 0.107964 736.056 1.87307e-06 3.94725 12.319 -1 -1
0.257194 188.077 -0.0185087 331.86 2.37941e-06 2.07816 548.403 -1 -1
-2.88524 808.908 0.0636777 1857.32 2.84418e-06 2.47574 6.45385 -1 -1
2.35268 140.353 0.163856 1354.61 2.42658e-06 3.39007 4.58781 -1 -1
-0.221613 -10.0307 -0.0966738 -817.713 5.19708e-06 2.98549 -7.2356 -1 -1
-2.17599 171.464 0.0924183 1550.72 2.9811e-06 2.66656 -39.8975 -1 -1
-2.21518 972.992 0.0127592 -873.285 3.68666e-06 2.11214 615.271 -1 -1
-3.0951 565.387 0.000906488 -2540.21 2.35465e-06 2.11414 2.36297 -1 -1
0.65589 1198.68 -0.0201496 -115.943 3.0803e-06 2.50971 582.116 -1 -1
-0.138684 858.433 -0.0214488 45.7477 2.1835e-06 1.87753 585.659 -1 -1
2.10392 480.421 0.00747006 139.474 3.22498e-06 2.47165 -50.0625 -1 -1
-2.6502 104.865 -0.000433764 476.085 1.84294e-06 2.44853 634.434 -1 -1
-1.71835 -207.107 0.0130872 151.403 2.30379e-06 3.53148 561.298 -1 -1
2.305 381.234 -0.0686375 -346.527 3.29588e-06 4.77062 52.1786 -1 -1
-0.430499 565.882 -0.0819889 -348.758 4.54735e-06 3.85309 19.5157 -1 -1
-0.0240098 -1243.88 -0.00420071 -117.942 2.32089e-06 4.7042 -19.1515 -1 -1
0.40617 1419.07 0.0391138 1393.82 4.23008e-06 2.20831 586.549 -1 -1
-0.945909 888.37 0.0152125 307.715 5.67127e-06 3.37419 529.928 -1 -1
1.20527 1202.16 -0.0510356 -1137.12 2.6644e-06 2.3764 590.619 -1 -1
0.0463471 205.366 -0.0645311 -316.576 4.55899e-06 3.76782 600.136 -1 -1
0.838292 -282.582 0.00568188 363.689 1.12325e-06 2.83576 114.858 -1 -1
3.79629 199.078 0.0221129 226.506 3.57361e-06 1.90921 565.629 -1 -1
1.367 261.415 0.159365 1244.03 3.6006e-06 3.47532 585.908 -1 -1
-0.00364709 -417.979 0.0711582 630.168 1.73015e-06 3.67448 5.01195 -1 -1
-0.917953 -541.586 0.121088 1865.85 3.9508e-06 2.82719 559.229 -1 -1
0.427423 312.467 -0.152931 -672.08 3.80724e-06 3.7431 16.4759 -1 -1
-4.15878 -1660.31 -0.0161318 -636.866 1.90602e-06 1.77397 515.045 -1 -1
-1.98584 -1269.73 -0.024295 -864.223 2.52499e-06 1.94255 -16.1958 -1 -1
1.62294 537.152 0.0202585 2185.98 3.36074e-06 2.3032 566.111 -1 -1
-1.72121 -502.084 -0.0842636 -287.955 4.15658e-06 4.05612 587.695 -1 -1
3.85651 1594.85 -0.0257096 -1405.18 1.70614e-06 2.31542 -17.6532 -1 -1
2.99206 1852.25 -0.150404 -1846.22 4.41295e-06 3.08072 -14.6661 -1 -1
-3.55764 36.246 0.0641035 387.714 2.26697e-06 3.31568 611.315 -1 -1
1.71475 1781.66 -0.0146005 3384.46 2.33909e-06 1.92562 -28.8105 -1 -1
-0.787438 1358.34 -0.00117409 1202.6 2.60712e-06 2.12476 527.288 -1 -1
-1.95639 -2913.09 0.0235487 -845.826 2.07751e-06 2.01744 -17.657 -1 -1
-2.28645 533.552 0.0433276 221.476 2.07935e-06 3.05714 -46.9574 -1 -1
-0.790138 -379.078 0.0122262 -411.743 3.01688e-06 2.42716 593.885 -1 -1
-1.14139 306.958 0.00738543 -204.42 1.05194e-06 2.92487 60.7681 -1 -1
0.415268 443.866 -0.0211267 2768.76 5.10021e-06 1.9923 601.315 -1 -1
-1.78959 -247.389 -0.157936 -2559.09 2.38345e-06 2.57251 16.8785 -1 -1
0.274318 455.193 -0.135052 -812.972 3.46795e-06 3.74886 565.412 -1 -1
-2.19526 441.741 -0.0222838 -622.324 1.91829e-06 2.18341 -10.5177 -1 -1
2.31375 470.966 0.00463664 -421.131 2.34142e-06 2.21167 634.586 -1 -1
0.726011 -1008.24 0.166068 1946.43 2.70283e-06 2.81229 61.4134 -1 -1
1.50784 97.0252 0.00697114 -483.366 1.84993e-06 1.8466 623.279 -1 -1
1.8434 732.615 0.0143646 264.646 3.67599e-06 2.82387 597.487 -1 -1
-1.51492 -278.074 -0.171314 -843.482 3.55326e-06 3.91301 554.326 -1 -1
2.22248 -360.36 0.0733567 437.477 2.43441e-06 3.30903 568.336 -1 -1
1.85777 82.7667 -0.103148 -585.888 2.98375e-06 3.8634 559.473 -1 -1
-3.77971 -534.275 -0.178551 -1305.43 3.267e-06 3.25897 552.772 -1 -1
-0.58031 234.388 -0.0740322 -894.715 3.16363e-06 3.01576 615.261 -1 -1
-2.44027 -40.2095 -0.0826393 -653.925 2.1959e-06 3.23468 518.424 -1 -1
-0.065013 889.928 0.0154845 546.074 2.81568e-06 2.10854 17.6379 -1 -1
0.40261 -316.277 -0.0215291 -721.166 1.75183e-06 2.47243 554.917 -1 -1
1.53516 1259.01 -0.0497518 -506.145 2.42856e-06 3.34496 -50.8714 -1 -1
-0.320445 -719.709 -0.0590442 -333.255 2.25979e-06 2.87695 592.898 -1 -1
-1.01868 275.176 -0.0276121 -62.9261 1.5867e-06 2.04189 37.0922 -1 -1
-2.23572 -133.053 0.0104341 47.3048 2.325e-06 3.21781 -77.5238 -1 -1
-3.13665 70.3933 0.0371185 500.247 3.71343e-06 2.87642 89.5036 -1 -1
1.13082 -36.148 -0.0667844 -1011.82 3.04144e-06 2.88934 52.3341 -1 -1
-0.565785 -807.054 -0.0116812 35.3654 3.92452e-06 4.6961 613.085 -1 -1
2.4508 509.916 -0.016106 -894.68 2.2901e-06 2.42724 603.746 -1 -1
-0.234302 -73.0756 -0.0427488 -362.355 2.18452e-06 2.76725 598.984 -1 -1
3.25552 -214.792 0.0399684 508.582 2.00644e-06 2.6358 594.334 -1 -1
0.230085 2040.25 -0.17036 -1672.78 2.63315e-06 2.81422 75.1864 -1 -1
0.478129 -240.754 -0.0161626 3.89655 3.88088e-06 3.27597 594.614 -1 -1
0.103111 -170.279 -0.108832 -742.059 2.30547e-06 3.01812 583.332 -1 -1
0.0976012 -456.002 -0.0117969 -220.202 2.79533e-06 2.19318 620.753 -1 -1
-0.750482 -90.3046 0.00628618 120.462 2.07291e-06 2.81297 568.353 -1 -1
2.31563 -222.934 -0.0364042 -296.358 7.72942e-07 2.34503 -19.7218 -1 -1
2.80236 -160.461 -0.185428 -1455.02 2.13783e-06 3.06519 -44.4429 -1 -1
-2.71415 972.745 0.015835 99.2216 2.72049e-06 3.32068 470.561 -1 -1
-1.59965 328.583 -0.0483484 -299.707 2.67576e-06 3.19119 -4.44724 -1 -1
-0.295516 1548.69 -0.0466519 -1559.34 3.33757e-06 2.17539 523.855 -1 -1
0.452545 -485.103 0.135373 1263.95 3.34558e-06 3.29828 555.632 -1 -1
-0.0843882 -820.465 0.0844624 483.194 4.65284e-06 4.11432 -5.8134 -1 -1
-1.19553 -1823.86 0.0283284 558.412 4.07229e-06 2.451 552.193 -1 -1
2.99344 858.038 0.0236418 52.6268 3.93321e-06 4.8071 609.888 -1 -1
-0.275552 -1254.41 0.0316135 331.511 3.46334e-06 2.37651 22.4143 -1 -1
-0.0219911 -558.023 -0.114575 -850.528 2.95607e-06 3.39563 -60.3803 -1 -1
-2.02143 2552.24 -0.0111449 75.9403 3.2925e-06 3.66468 -32.6782 -1 -1
-2.52412 767.473 -0.0341123 -342.351 3.94742e-06 2.09785 9.84709 -1 -1
3.10263 -467.912 0.0410355 310.102 2.93111e-06 3.9292 -11.7967 -1 -1
-4.00663 -1013.39 -0.0497151 -425.756 1.99241e-06 2.8751 -52.1981 -1 -1
-0.264659 -778.508 -0.0486838 -2954.19 3.14993e-06 1.86443 -46.417 -1 -1
-1.50136 60.0063 -0.0410641 -822.807 4.12332e-06 2.70459 681.3 -1 -1
1.93251 672.963 -0.0661456 -892.807 2.74997e-06 2.88673 -9.74015 -1 -1
0.49367 608.594 0.0439462 208.313 1.55466e-06 3.3591 9.60405 -1 -1
-3.5104 -796.537 0.0246038 719.704 1.24203e-06 2.19233 22.1353 -1 -1
-1.76097 225.797 -0.00308376 49.6607 4.13289e-06 3.40165 527.415 -1 -1
-1.40867 -788.163 -0.0263703 -269.366 3.98639e-06 2.09187 563.157 -1 -1
0.847357 1102.65 -0.149729 -2638.04 4.33291e-06 2.43103 41.7346 -1 -1
0.980586 906.972 -0.0195889 -375.116 2.34379e-06 2.33145 27.8162 -1 -1
0.94737 156.552 0.00134743 -58.7136 3.22308e-06 4.6488 537.874 -1 -1
0.00651149 989.077 0.0432063 542.389 2.77667e-06 2.48189 605.25 -1 -1
2.89286 -794.07 -0.0262417 -616.144 1.75441e-06 2.4837 -47.2407 -1 -1
0.227396 490.277 0.0244251 172.471 3.25838e-06 3.72513 522.686 -1 -1
-2.72058 -748.484 0.0269677 903.154 3.02311e-06 2.59899 1.56468 -1 -1
-2.30279 -1798.61 -0.0586741 -226.419 2.5945e-06 3.38971 9.62545 -1 -1
-1.0336 441.046 0.0190451 445.267 3.5353e-06 2.53348 598.658 -1 -1
-2.4403 105.78 0.00846469 251.75 2.512e-06 2.34658 19.0448 -1 -1
-1.14943 448.615 -0.0174197 -859.141 2.65533e-06 2.03383 614.059 -1 -1
2.53558 -1567.93 0.0643898 1002.21 3.37453e-06 2.48168 -58.4496 -1 -1
-1.01686 -119.161 -0.0767488 -1332.51 2.57245e-06 2.467 543.375 -1 -1
3.48288 1415.4 -0.130888 -559.612 2.45659e-06 3.93408 -53.8059 -1 -1
-0.859255 175.769 0.10812 605.446 2.36972e-06 3.7111 543.955 -1 -1
1.32429 466.065 -0.0118609 -549.762 2.97711e-06 2.71215 -12.6572 -1 -1
2.10205 -357.614 0.0362153 658.889 3.33922e-06 2.234 609.915 -1 -1
-0.454419 3682.14 0.0360354 1252.76 4.46483e-06 2.63061 11.5564 -1 -1
-1.08453 91.2432 0.00303215 -599.274 2.6785e-06 2.0425 -19.7864 -1 -1
0.384281 423.638 0.0316971 735.552 2.185e-06 2.09377 577.442 -1 -1
0.73354 -471.151 0.113114 1047.6 2.79123e-06 2.7285 -12.9236 -1 -1
