#BLTrakFile
#x y z Px Py Pz t PDGid EvNum TrkId Parent weight
#mm mm mm MeV/c MeV/c MeV/c ns - - - - -
0.719583	3.45331	0	-5.84414	1.06273	28.9501	605.27	-13	0	1	1	1
3.97337	-6.48898	0	-1.47519	-2.48618	22.5572	663.416	-13	1	1	1	1
-0.252049	3.86229	0	-1.2554	-0.0783925	13.2102	20.4049	-13	2	1	1	1
4.20885	-2.54013	0	-5.58215	1.90534	22.9591	626.873	-13	3	1	1	1
-0.318574	4.18264	0	0.0244104	1.97048	26.8779	604.256	-13	4	1	1	1
1.94689	-1.30636	0	3.2008	2.52986	16.1396	-11.1088	-13	5	1	1	1
0.686732	0.0750541	0	-0.399254	-1.13518	26.9323	59.8866	-13	6	1	1	1
1.68415	-0.989738	0	4.70995	-0.449297	20.1184	54.4819	-13	7	1	1	1
-1.45155	2.03816	0	3.51728	1.39925	26.954	596.981	-13	8	1	1	1
-3.05727	0.638239	0	4.17027	-1.11752	21.112	73.4623	-13	9	1	1	1
0.916307	2.30704	0	-0.331064	-5.89157	27.5204	35.4441	-13	10	1	1	1
6.19063	1.82709	0	6.35976	1.47535	26.7268	13.5967	-13	11	1	1	1
0.205547	0.308439	0	0.0972378	-1.56664	25.9404	31.8435	-13	12	1	1	1
0.746534	-3.03895	0	-2.74772	-0.129472	12.4345	546.824	-13	13	1	1	1
0.643078	-0.633271	0	-3.97526	-0.277388	24.2757	601.218	-13	14	1	1	1
-1.42614	0.835807	0	5.5273	2.14248	25.0606	628.66	-13	15	1	1	1
2.64785	-0.772847	0	5.75444	2.5454	27.0633	-1.1646	-13	16	1	1	1
-1.33442	-0.172795	0	0.275546	-2.09102	19.3742	712.417	-13	17	1	1	1
0.583761	4.80396	0	-1.19761	-4.13311	25.3051	1.2521	-13	18	1	1	1
2.04784	-1.43176	0	-0.860955	-3.4002	15.5775	83.5258	-13	19	1	1	1
0.371909	-1.2445	0	-4.85079	3.32362	28.4084	72.6608	-13	20	1	1	1
-3.32704	-6.90521	0	-5.22625	2.5643	22.7331	706.982	-13	21	1	1	1
2.92321	-5.33571	0	-1.80681	-3.7689	23.4037	654.193	-13	22	1	1	1
0.0252642	-1.00401	0	5.10396	-2.33216	24.5044	19.632	-13	23	1	1	1
-2.90163	3.00251	0	-4.03168	2.90595	20.0047	17.2561	-13	24	1	1	1
-1.08875	2.83068	0	2.92489	0.254795	28.0013	578.018	-13	25	1	1	1
1.36117	-0.386346	0	3.25613	1.09767	23.2801	652.942	-13	26	1	1	1
-2.21052	-0.229205	0	-0.779731	1.64523	24.3374	661.425	-13	27	1	1	1
-1.40146	-1.11963	0	0.51171	2.26093	28.5083	641.335	-13	28	1	1	1
-0.0394519	-2.18136	0	-2.91183	6.73371	27.1205	69.609	-13	29	1	1	1
-0.0201796	0.290157	0	3.18982	-0.0670436	26.4061	43.6722	-13	30	1	1	1
-0.819184	-4.05637	0	1.90713	-1.62029	25.0463	1.14525	-13	31	1	1	1
1.98675	-6.7259	0	0.189264	2.65325	25.0821	669.304	-13	32	1	1	1
1.11186	5.9346	0	1.98971	-5.35102	21.5486	606.871	-13	33	1	1	1
-1.71537	-2.45822	0	2.76815	-3.15899	26.0507	596.027	-13	34	1	1	1
0.690675	-4.0566	0	5.36426	6.14209	24.7659	15.1857	-13	35	1	1	1
-0.397623	0.11033	0	2.87582	4.05812	28.1943	25.912	-13	36	1	1	1
-0.306487	0.30436	0	0.348604	2.27292	19.2062	59.067	-13	37	1	1	1
4.43332	2.97123	0	-0.0461007	-5.93619	25.2191	37.0555	-13	38	1	1	1
-0.850322	0.319061	0	2.79246	2.22312	28.5991	640.467	-13	39	1	1	1
-0.627805	-5.17658	0	1.48009	-0.118464	24.4383	588.855	-13	40	1	1	1
1.59026	-5.76877	0	-5.13715	-0.614623	23.8975	604.627	-13	41	1	1	1
-0.937738	3.41122	0	4.02858	-0.343548	24.0745	546.159	-13	42	1	1	1
-0.327986	1.24326	0	-0.740517	1.85431	11.3549	567.784	-13	43	1	1	1
-0.267915	-3.57616	0	-1.8362	-1.07098	14.4445	13.4067	-13	44	1	1	1
1.33827	6.32329	0	3.39626	-4.72335	21.8547	657.235	-13	45	1	1	1
0.812532	-4.36738	0	-2.10194	1.53018	16.4733	25.3365	-13	46	1	1	1
-1.9875	5.66175	0	-2.87586	0.322239	18.571	-3.64799	-13	47	1	1	1
-3.8759	1.74723	0	-3.69251	-2.67101	15.8809	586.571	-13	48	1	1	1
1.94915	-6.48039	0	-1.12262	-0.622495	22.62	638.531	-13	49	1	1	1
-2.71565	-0.204667	0	-3.55255	-1.28825	28.7632	641.056	-13	50	1	1	1
-2.93375	-5.20976	0	3.13072	3.73251	17.5799	41.6695	-13	51	1	1	1
-2.6711	4.47282	0	2.39552	-3.12991	23.5829	-11.0278	-13	52	1	1	1
-1.44439	1.76559	0	1.26653	0.0611523	25.9627	74.6763	-13	53	1	1	1
-0.852479	-5.03101	0	-1.84287	-2.09313	12.0334	-17.7787	-13	54	1	1	1
-0.0748034	-0.0213984	0	5.56743	2.1367	28.1095	-13.3599	-13	55	1	1	1
0.274023	-2.24279	0	3.87636	-3.00683	15.7669	30.8096	-13	56	1	1	1
-2.68174	-0.453623	0	-3.88926	-4.0049	19.9502	10.9425	-13	57	1	1	1
0.152628	-3.50156	0	-0.409485	-1.98888	24.9482	10.0419	-13	58	1	1	1
0.521778	4.38871	0	1.05883	-4.03176	21.7893	80.4958	-13	59	1	1	1
-1.20011	-1.70799	0	4.62063	-2.98925	22.7793	14.3909	-13	60	1	1	1
-2.76656	-4.23669	0	-1.66359	2.86876	26.754	633.408	-13	61	1	1	1
-0.307823	-2.26629	0	-1.58133	-0.483124	23.9532	620.474	-13	62	1	1	1
0.257958	-8.1259	0	3.82022	2.21681	25.8854	39.5706	-13	63	1	1	1
-0.458362	-2.47365	0	3.7663	5.83751	26.7027	11.2583	-13	64	1	1	1
0.272662	-4.47085	0	1.14134	1.23805	29.2708	16.323	-13	65	1	1	1
-1.66918	-3.33464	0	0.890396	1.33005	19.8089	-5.89868	-13	66	1	1	1
1.11808	0.187731	0	-0.062461	-3.60907	20.2477	21.4745	-13	67	1	1	1
-4.76946	0.266917	0	-3.59828	-0.243763	18.2987	613.366	-13	68	1	1	1
-1.87772	-6.41822	0	-3.24884	-3.17389	22.0705	21.687	-13	69	1	1	1
1.61515	5.97135	0	-0.423239	2.14815	14.8413	602.717	-13	70	1	1	1
1.26616	1.15204	0	-4.99164	-0.728401	20.7068	627.337	-13	71	1	1	1
-2.15456	-2.28991	0	3.42791	0.682858	29.5045	34.2188	-13	72	1	1	1
-0.909488	-7.19671	0	-0.692513	0.0119713	3.27486	42.1406	-13	73	1	1	1
-0.0854765	1.17755	0	-6.2301	2.22845	26.7053	30.2513	-13	74	1	1	1
3.25192	-2.02464	0	5.42791	0.41648	21.7645	699.993	-13	75	1	1	1
-2.46039	1.87134	0	-5.94095	-2.66187	26.774	51.8066	-13	76	1	1	1
-2.14487	-4.65271	0	0.61817	2.14784	11.3003	619.124	-13	77	1	1	1
-0.0930668	5.07107	0	2.26622	-1.52789	23.4061	10.0115	-13	78	1	1	1
-1.38973	1.53553	0	2.99136	-3.55542	18.1781	85.7712	-13	79	1	1	1
4.25372	-1.73317	0	4.44577	-2.92632	28.7671	23.4304	-13	80	1	1	1
-0.485069	0.707985	0	3.75795	-0.584887	16.4825	63.444	-13	81	1	1	1
-1.28453	6.39199	0	3.78152	3.17983	22.8985	36.1776	-13	82	1	1	1
-2.08387	-0.120272	0	-0.0873543	-0.307711	22.8862	595.317	-13	83	1	1	1
-4.90077	-7.71286	0	2.14749	-1.60885	27.657	-29.1588	-13	84	1	1	1
0.0631819	-1.50969	0	0.0359454	0.749107	23.2525	34.2077	-13	85	1	1	1
-1.48144	-1.16987	0	-1.72534	-1.64181	22.786	4.78543	-13	86	1	1	1
-1.69468	0.639758	0	4.67631	-1.23622	25.2656	729.642	-13	87	1	1	1
0.837513	-2.49552	0	4.11419	2.69486	21.3421	595.809	-13	88	1	1	1
2.46322	0.0532893	0	-5.64953	-4.74839	22.8672	660.472	-13	89	1	1	1
-0.168005	-1.38108	0	3.23558	-1.63241	16.8427	664.436	-13	90	1	1	1
-2.59949	-7.16992	0	0.41972	0.453892	10.6137	606.857	-13	91	1	1	1
0.100549	-1.23908	0	0.147135	5.12442	22.125	-6.37771	-13	92	1	1	1
-1.77777	7.8804	0	0.84013	-4.61686	18.9792	637.641	-13	93	1	1	1
-1.55963	-2.32708	0	2.86256	3.12465	16.9983	643.391	-13	94	1	1	1
1.00188	-0.339678	0	-0.76819	-1.72756	14.9709	45.5736	-13	95	1	1	1
1.97764	-3.59948	0	-3.91393	4.28716	25.6927	9.64156	-13	96	1	1	1
0.11812	-4.91568	0	0.296782	-1.33362	21.1616	671.856	-13	97	1	1	1
1.76342	1.59036	0	-0.510467	-1.9959	12.0657	-7.76052	-13	98	1	1	1
-0.385917	-1.00743	0	2.03944	0.408347	15.4321	670.882	-13	99	1	1	1